PC: 0	OP_CODE:00007FFE	FPCC: 20
GPR
0-3	0	0	0	0
4-7	0	0	0	0
8-11	0	0	0	0
12-15	0	0	0	0
16-19	0	0	0	0
20-23	0	0	0	0
24-27	0	0	0	0
28-31	0	0	0	0
FPR
0-3	0.000000	0.000000	0.000000	0.000000
4-7	0.000000	0.000000	0.000000	0.000000
8-11	0.000000	0.000000	0.000000	0.000000
12-15	0.000000	0.000000	0.000000	0.000000
16-19	0.000000	0.000000	0.000000	0.000000
20-23	0.000000	0.000000	0.000000	0.000000
24-27	0.000000	0.000000	0.000000	0.000000
28-31	0.000000	0.000000	0.000000	0.000000


op_addi
PC: 1	OP_CODE:20010003	FPCC: 20
GPR
0-3	0	3	0	0
4-7	0	0	0	0
8-11	0	0	0	0
12-15	0	0	0	0
16-19	0	0	0	0
20-23	0	0	0	0
24-27	0	0	0	0
28-31	0	0	0	0
FPR
0-3	0.000000	0.000000	0.000000	0.000000
4-7	0.000000	0.000000	0.000000	0.000000
8-11	0.000000	0.000000	0.000000	0.000000
12-15	0.000000	0.000000	0.000000	0.000000
16-19	0.000000	0.000000	0.000000	0.000000
20-23	0.000000	0.000000	0.000000	0.000000
24-27	0.000000	0.000000	0.000000	0.000000
28-31	0.000000	0.000000	0.000000	0.000000


op_sw
PC: 2	OP_CODE:AFDF0000	FPCC: 20
GPR
0-3	0	3	0	0
4-7	0	0	0	0
8-11	0	0	0	0
12-15	0	0	0	0
16-19	0	0	0	0
20-23	0	0	0	0
24-27	0	0	0	0
28-31	0	0	0	0
FPR
0-3	0.000000	0.000000	0.000000	0.000000
4-7	0.000000	0.000000	0.000000	0.000000
8-11	0.000000	0.000000	0.000000	0.000000
12-15	0.000000	0.000000	0.000000	0.000000
16-19	0.000000	0.000000	0.000000	0.000000
20-23	0.000000	0.000000	0.000000	0.000000
24-27	0.000000	0.000000	0.000000	0.000000
28-31	0.000000	0.000000	0.000000	0.000000


op_addi
PC: 3	OP_CODE:23DE0001	FPCC: 20
GPR
0-3	0	3	0	0
4-7	0	0	0	0
8-11	0	0	0	0
12-15	0	0	0	0
16-19	0	0	0	0
20-23	0	0	0	0
24-27	0	0	0	0
28-31	0	0	1	0
FPR
0-3	0.000000	0.000000	0.000000	0.000000
4-7	0.000000	0.000000	0.000000	0.000000
8-11	0.000000	0.000000	0.000000	0.000000
12-15	0.000000	0.000000	0.000000	0.000000
16-19	0.000000	0.000000	0.000000	0.000000
20-23	0.000000	0.000000	0.000000	0.000000
24-27	0.000000	0.000000	0.000000	0.000000
28-31	0.000000	0.000000	0.000000	0.000000


op_jal
PC: 11	OP_CODE:0C00000B	FPCC: 20
GPR
0-3	0	3	0	0
4-7	0	0	0	0
8-11	0	0	0	0
12-15	0	0	0	0
16-19	0	0	0	0
20-23	0	0	0	0
24-27	0	0	0	0
28-31	0	0	1	4
FPR
0-3	0.000000	0.000000	0.000000	0.000000
4-7	0.000000	0.000000	0.000000	0.000000
8-11	0.000000	0.000000	0.000000	0.000000
12-15	0.000000	0.000000	0.000000	0.000000
16-19	0.000000	0.000000	0.000000	0.000000
20-23	0.000000	0.000000	0.000000	0.000000
24-27	0.000000	0.000000	0.000000	0.000000
28-31	0.000000	0.000000	0.000000	0.000000


op_add
PC: 12	OP_CODE:00210820	FPCC: 20
GPR
0-3	0	6	0	0
4-7	0	0	0	0
8-11	0	0	0	0
12-15	0	0	0	0
16-19	0	0	0	0
20-23	0	0	0	0
24-27	0	0	0	0
28-31	0	0	1	4
FPR
0-3	0.000000	0.000000	0.000000	0.000000
4-7	0.000000	0.000000	0.000000	0.000000
8-11	0.000000	0.000000	0.000000	0.000000
12-15	0.000000	0.000000	0.000000	0.000000
16-19	0.000000	0.000000	0.000000	0.000000
20-23	0.000000	0.000000	0.000000	0.000000
24-27	0.000000	0.000000	0.000000	0.000000
28-31	0.000000	0.000000	0.000000	0.000000


op_jr
PC: 4	OP_CODE:03E00008	FPCC: 20
GPR
0-3	0	6	0	0
4-7	0	0	0	0
8-11	0	0	0	0
12-15	0	0	0	0
16-19	0	0	0	0
20-23	0	0	0	0
24-27	0	0	0	0
28-31	0	0	1	4
FPR
0-3	0.000000	0.000000	0.000000	0.000000
4-7	0.000000	0.000000	0.000000	0.000000
8-11	0.000000	0.000000	0.000000	0.000000
12-15	0.000000	0.000000	0.000000	0.000000
16-19	0.000000	0.000000	0.000000	0.000000
20-23	0.000000	0.000000	0.000000	0.000000
24-27	0.000000	0.000000	0.000000	0.000000
28-31	0.000000	0.000000	0.000000	0.000000


op_addi
PC: 5	OP_CODE:23DEFFFF	FPCC: 20
GPR
0-3	0	6	0	0
4-7	0	0	0	0
8-11	0	0	0	0
12-15	0	0	0	0
16-19	0	0	0	0
20-23	0	0	0	0
24-27	0	0	0	0
28-31	0	0	0	4
FPR
0-3	0.000000	0.000000	0.000000	0.000000
4-7	0.000000	0.000000	0.000000	0.000000
8-11	0.000000	0.000000	0.000000	0.000000
12-15	0.000000	0.000000	0.000000	0.000000
16-19	0.000000	0.000000	0.000000	0.000000
20-23	0.000000	0.000000	0.000000	0.000000
24-27	0.000000	0.000000	0.000000	0.000000
28-31	0.000000	0.000000	0.000000	0.000000


op_lw
PC: 6	OP_CODE:8FDF0000	FPCC: 20
GPR
0-3	0	6	0	0
4-7	0	0	0	0
8-11	0	0	0	0
12-15	0	0	0	0
16-19	0	0	0	0
20-23	0	0	0	0
24-27	0	0	0	0
28-31	0	0	0	0
FPR
0-3	0.000000	0.000000	0.000000	0.000000
4-7	0.000000	0.000000	0.000000	0.000000
8-11	0.000000	0.000000	0.000000	0.000000
12-15	0.000000	0.000000	0.000000	0.000000
16-19	0.000000	0.000000	0.000000	0.000000
20-23	0.000000	0.000000	0.000000	0.000000
24-27	0.000000	0.000000	0.000000	0.000000
28-31	0.000000	0.000000	0.000000	0.000000


op_sw
PC: 7	OP_CODE:AFDF0000	FPCC: 20
GPR
0-3	0	6	0	0
4-7	0	0	0	0
8-11	0	0	0	0
12-15	0	0	0	0
16-19	0	0	0	0
20-23	0	0	0	0
24-27	0	0	0	0
28-31	0	0	0	0
FPR
0-3	0.000000	0.000000	0.000000	0.000000
4-7	0.000000	0.000000	0.000000	0.000000
8-11	0.000000	0.000000	0.000000	0.000000
12-15	0.000000	0.000000	0.000000	0.000000
16-19	0.000000	0.000000	0.000000	0.000000
20-23	0.000000	0.000000	0.000000	0.000000
24-27	0.000000	0.000000	0.000000	0.000000
28-31	0.000000	0.000000	0.000000	0.000000


op_addi
PC: 8	OP_CODE:23DE0001	FPCC: 20
GPR
0-3	0	6	0	0
4-7	0	0	0	0
8-11	0	0	0	0
12-15	0	0	0	0
16-19	0	0	0	0
20-23	0	0	0	0
24-27	0	0	0	0
28-31	0	0	1	0
FPR
0-3	0.000000	0.000000	0.000000	0.000000
4-7	0.000000	0.000000	0.000000	0.000000
8-11	0.000000	0.000000	0.000000	0.000000
12-15	0.000000	0.000000	0.000000	0.000000
16-19	0.000000	0.000000	0.000000	0.000000
20-23	0.000000	0.000000	0.000000	0.000000
24-27	0.000000	0.000000	0.000000	0.000000
28-31	0.000000	0.000000	0.000000	0.000000


op_jal
PC: 14	OP_CODE:0C00000E	FPCC: 20
GPR
0-3	0	6	0	0
4-7	0	0	0	0
8-11	0	0	0	0
12-15	0	0	0	0
16-19	0	0	0	0
20-23	0	0	0	0
24-27	0	0	0	0
28-31	0	0	1	9
FPR
0-3	0.000000	0.000000	0.000000	0.000000
4-7	0.000000	0.000000	0.000000	0.000000
8-11	0.000000	0.000000	0.000000	0.000000
12-15	0.000000	0.000000	0.000000	0.000000
16-19	0.000000	0.000000	0.000000	0.000000
20-23	0.000000	0.000000	0.000000	0.000000
24-27	0.000000	0.000000	0.000000	0.000000
28-31	0.000000	0.000000	0.000000	0.000000


op_jr
PC: 9	OP_CODE:03E00008	FPCC: 20
GPR
0-3	0	6	0	0
4-7	0	0	0	0
8-11	0	0	0	0
12-15	0	0	0	0
16-19	0	0	0	0
20-23	0	0	0	0
24-27	0	0	0	0
28-31	0	0	1	9
FPR
0-3	0.000000	0.000000	0.000000	0.000000
4-7	0.000000	0.000000	0.000000	0.000000
8-11	0.000000	0.000000	0.000000	0.000000
12-15	0.000000	0.000000	0.000000	0.000000
16-19	0.000000	0.000000	0.000000	0.000000
20-23	0.000000	0.000000	0.000000	0.000000
24-27	0.000000	0.000000	0.000000	0.000000
28-31	0.000000	0.000000	0.000000	0.000000


op_addi
PC: 10	OP_CODE:23DEFFFF	FPCC: 20
GPR
0-3	0	6	0	0
4-7	0	0	0	0
8-11	0	0	0	0
12-15	0	0	0	0
16-19	0	0	0	0
20-23	0	0	0	0
24-27	0	0	0	0
28-31	0	0	0	9
FPR
0-3	0.000000	0.000000	0.000000	0.000000
4-7	0.000000	0.000000	0.000000	0.000000
8-11	0.000000	0.000000	0.000000	0.000000
12-15	0.000000	0.000000	0.000000	0.000000
16-19	0.000000	0.000000	0.000000	0.000000
20-23	0.000000	0.000000	0.000000	0.000000
24-27	0.000000	0.000000	0.000000	0.000000
28-31	0.000000	0.000000	0.000000	0.000000


op_lw
PC: 11	OP_CODE:8FDF0000	FPCC: 20
GPR
0-3	0	6	0	0
4-7	0	0	0	0
8-11	0	0	0	0
12-15	0	0	0	0
16-19	0	0	0	0
20-23	0	0	0	0
24-27	0	0	0	0
28-31	0	0	0	0
FPR
0-3	0.000000	0.000000	0.000000	0.000000
4-7	0.000000	0.000000	0.000000	0.000000
8-11	0.000000	0.000000	0.000000	0.000000
12-15	0.000000	0.000000	0.000000	0.000000
16-19	0.000000	0.000000	0.000000	0.000000
20-23	0.000000	0.000000	0.000000	0.000000
24-27	0.000000	0.000000	0.000000	0.000000
28-31	0.000000	0.000000	0.000000	0.000000
