PC: 0	OP_CODE:00007FFE	FPCC: 20
GPR
0-3	0	0	0	0
4-7	0	0	0	0
8-11	0	0	0	0
12-15	0	0	0	0
16-19	0	0	0	0
20-23	0	0	0	0
24-27	0	0	0	0
28-31	0	0	0	0
FPR
0-3	0.000000	0.000000	0.000000	0.000000
4-7	0.000000	0.000000	0.000000	0.000000
8-11	0.000000	0.000000	0.000000	0.000000
12-15	0.000000	0.000000	0.000000	0.000000
16-19	0.000000	0.000000	0.000000	0.000000
20-23	0.000000	0.000000	0.000000	0.000000
24-27	0.000000	0.000000	0.000000	0.000000
28-31	0.000000	0.000000	0.000000	0.000000


op_andi
PC: 1	OP_CODE:30313030	FPCC: 20
GPR
0-3	0	0	0	0
4-7	0	0	0	0
8-11	0	0	0	0
12-15	0	0	0	0
16-19	0	0	0	0
20-23	0	0	0	0
24-27	0	0	0	0
28-31	0	0	0	0
FPR
0-3	0.000000	0.000000	0.000000	0.000000
4-7	0.000000	0.000000	0.000000	0.000000
8-11	0.000000	0.000000	0.000000	0.000000
12-15	0.000000	0.000000	0.000000	0.000000
16-19	0.000000	0.000000	0.000000	0.000000
20-23	0.000000	0.000000	0.000000	0.000000
24-27	0.000000	0.000000	0.000000	0.000000
28-31	0.000000	0.000000	0.000000	0.000000


op_andi
PC: 2	OP_CODE:30303030	FPCC: 20
GPR
0-3	0	0	0	0
4-7	0	0	0	0
8-11	0	0	0	0
12-15	0	0	0	0
16-19	0	0	0	0
20-23	0	0	0	0
24-27	0	0	0	0
28-31	0	0	0	0
FPR
0-3	0.000000	0.000000	0.000000	0.000000
4-7	0.000000	0.000000	0.000000	0.000000
8-11	0.000000	0.000000	0.000000	0.000000
12-15	0.000000	0.000000	0.000000	0.000000
16-19	0.000000	0.000000	0.000000	0.000000
20-23	0.000000	0.000000	0.000000	0.000000
24-27	0.000000	0.000000	0.000000	0.000000
28-31	0.000000	0.000000	0.000000	0.000000


op_andi
PC: 3	OP_CODE:30303030	FPCC: 20
GPR
0-3	0	0	0	0
4-7	0	0	0	0
8-11	0	0	0	0
12-15	0	0	0	0
16-19	0	0	0	0
20-23	0	0	0	0
24-27	0	0	0	0
28-31	0	0	0	0
FPR
0-3	0.000000	0.000000	0.000000	0.000000
4-7	0.000000	0.000000	0.000000	0.000000
8-11	0.000000	0.000000	0.000000	0.000000
12-15	0.000000	0.000000	0.000000	0.000000
16-19	0.000000	0.000000	0.000000	0.000000
20-23	0.000000	0.000000	0.000000	0.000000
24-27	0.000000	0.000000	0.000000	0.000000
28-31	0.000000	0.000000	0.000000	0.000000


op_andi
PC: 4	OP_CODE:31303030	FPCC: 20
GPR
0-3	0	0	0	0
4-7	0	0	0	0
8-11	0	0	0	0
12-15	0	0	0	0
16-19	0	0	0	0
20-23	0	0	0	0
24-27	0	0	0	0
28-31	0	0	0	0
FPR
0-3	0.000000	0.000000	0.000000	0.000000
4-7	0.000000	0.000000	0.000000	0.000000
8-11	0.000000	0.000000	0.000000	0.000000
12-15	0.000000	0.000000	0.000000	0.000000
16-19	0.000000	0.000000	0.000000	0.000000
20-23	0.000000	0.000000	0.000000	0.000000
24-27	0.000000	0.000000	0.000000	0.000000
28-31	0.000000	0.000000	0.000000	0.000000


op_andi
PC: 5	OP_CODE:30303030	FPCC: 20
GPR
0-3	0	0	0	0
4-7	0	0	0	0
8-11	0	0	0	0
12-15	0	0	0	0
16-19	0	0	0	0
20-23	0	0	0	0
24-27	0	0	0	0
28-31	0	0	0	0
FPR
0-3	0.000000	0.000000	0.000000	0.000000
4-7	0.000000	0.000000	0.000000	0.000000
8-11	0.000000	0.000000	0.000000	0.000000
12-15	0.000000	0.000000	0.000000	0.000000
16-19	0.000000	0.000000	0.000000	0.000000
20-23	0.000000	0.000000	0.000000	0.000000
24-27	0.000000	0.000000	0.000000	0.000000
28-31	0.000000	0.000000	0.000000	0.000000


op_andi
PC: 6	OP_CODE:30303030	FPCC: 20
GPR
0-3	0	0	0	0
4-7	0	0	0	0
8-11	0	0	0	0
12-15	0	0	0	0
16-19	0	0	0	0
20-23	0	0	0	0
24-27	0	0	0	0
28-31	0	0	0	0
FPR
0-3	0.000000	0.000000	0.000000	0.000000
4-7	0.000000	0.000000	0.000000	0.000000
8-11	0.000000	0.000000	0.000000	0.000000
12-15	0.000000	0.000000	0.000000	0.000000
16-19	0.000000	0.000000	0.000000	0.000000
20-23	0.000000	0.000000	0.000000	0.000000
24-27	0.000000	0.000000	0.000000	0.000000
28-31	0.000000	0.000000	0.000000	0.000000


op_andi
PC: 7	OP_CODE:31303030	FPCC: 20
GPR
0-3	0	0	0	0
4-7	0	0	0	0
8-11	0	0	0	0
12-15	0	0	0	0
16-19	0	0	0	0
20-23	0	0	0	0
24-27	0	0	0	0
28-31	0	0	0	0
FPR
0-3	0.000000	0.000000	0.000000	0.000000
4-7	0.000000	0.000000	0.000000	0.000000
8-11	0.000000	0.000000	0.000000	0.000000
12-15	0.000000	0.000000	0.000000	0.000000
16-19	0.000000	0.000000	0.000000	0.000000
20-23	0.000000	0.000000	0.000000	0.000000
24-27	0.000000	0.000000	0.000000	0.000000
28-31	0.000000	0.000000	0.000000	0.000000


op_andi
PC: 8	OP_CODE:30303130	FPCC: 20
GPR
0-3	0	0	0	0
4-7	0	0	0	0
8-11	0	0	0	0
12-15	0	0	0	0
16-19	0	0	0	0
20-23	0	0	0	0
24-27	0	0	0	0
28-31	0	0	0	0
FPR
0-3	0.000000	0.000000	0.000000	0.000000
4-7	0.000000	0.000000	0.000000	0.000000
8-11	0.000000	0.000000	0.000000	0.000000
12-15	0.000000	0.000000	0.000000	0.000000
16-19	0.000000	0.000000	0.000000	0.000000
20-23	0.000000	0.000000	0.000000	0.000000
24-27	0.000000	0.000000	0.000000	0.000000
28-31	0.000000	0.000000	0.000000	0.000000


op_andi
PC: 9	OP_CODE:30313031	FPCC: 20
GPR
0-3	0	0	0	0
4-7	0	0	0	0
8-11	0	0	0	0
12-15	0	0	0	0
16-19	0	0	0	0
20-23	0	0	0	0
24-27	0	0	0	0
28-31	0	0	0	0
FPR
0-3	0.000000	0.000000	0.000000	0.000000
4-7	0.000000	0.000000	0.000000	0.000000
8-11	0.000000	0.000000	0.000000	0.000000
12-15	0.000000	0.000000	0.000000	0.000000
16-19	0.000000	0.000000	0.000000	0.000000
20-23	0.000000	0.000000	0.000000	0.000000
24-27	0.000000	0.000000	0.000000	0.000000
28-31	0.000000	0.000000	0.000000	0.000000


op_andi
PC: 10	OP_CODE:31313131	FPCC: 20
GPR
0-3	0	0	0	0
4-7	0	0	0	0
8-11	0	0	0	0
12-15	0	0	0	0
16-19	0	0	0	0
20-23	0	0	0	0
24-27	0	0	0	0
28-31	0	0	0	0
FPR
0-3	0.000000	0.000000	0.000000	0.000000
4-7	0.000000	0.000000	0.000000	0.000000
8-11	0.000000	0.000000	0.000000	0.000000
12-15	0.000000	0.000000	0.000000	0.000000
16-19	0.000000	0.000000	0.000000	0.000000
20-23	0.000000	0.000000	0.000000	0.000000
24-27	0.000000	0.000000	0.000000	0.000000
28-31	0.000000	0.000000	0.000000	0.000000


op_andi
PC: 11	OP_CODE:31303131	FPCC: 20
GPR
0-3	0	0	0	0
4-7	0	0	0	0
8-11	0	0	0	0
12-15	0	0	0	0
16-19	0	0	0	0
20-23	0	0	0	0
24-27	0	0	0	0
28-31	0	0	0	0
FPR
0-3	0.000000	0.000000	0.000000	0.000000
4-7	0.000000	0.000000	0.000000	0.000000
8-11	0.000000	0.000000	0.000000	0.000000
12-15	0.000000	0.000000	0.000000	0.000000
16-19	0.000000	0.000000	0.000000	0.000000
20-23	0.000000	0.000000	0.000000	0.000000
24-27	0.000000	0.000000	0.000000	0.000000
28-31	0.000000	0.000000	0.000000	0.000000


op_andi
PC: 12	OP_CODE:31313131	FPCC: 20
GPR
0-3	0	0	0	0
4-7	0	0	0	0
8-11	0	0	0	0
12-15	0	0	0	0
16-19	0	0	0	0
20-23	0	0	0	0
24-27	0	0	0	0
28-31	0	0	0	0
FPR
0-3	0.000000	0.000000	0.000000	0.000000
4-7	0.000000	0.000000	0.000000	0.000000
8-11	0.000000	0.000000	0.000000	0.000000
12-15	0.000000	0.000000	0.000000	0.000000
16-19	0.000000	0.000000	0.000000	0.000000
20-23	0.000000	0.000000	0.000000	0.000000
24-27	0.000000	0.000000	0.000000	0.000000
28-31	0.000000	0.000000	0.000000	0.000000


op_andi
PC: 13	OP_CODE:30303030	FPCC: 20
GPR
0-3	0	0	0	0
4-7	0	0	0	0
8-11	0	0	0	0
12-15	0	0	0	0
16-19	0	0	0	0
20-23	0	0	0	0
24-27	0	0	0	0
28-31	0	0	0	0
FPR
0-3	0.000000	0.000000	0.000000	0.000000
4-7	0.000000	0.000000	0.000000	0.000000
8-11	0.000000	0.000000	0.000000	0.000000
12-15	0.000000	0.000000	0.000000	0.000000
16-19	0.000000	0.000000	0.000000	0.000000
20-23	0.000000	0.000000	0.000000	0.000000
24-27	0.000000	0.000000	0.000000	0.000000
28-31	0.000000	0.000000	0.000000	0.000000


op_andi
PC: 14	OP_CODE:30303030	FPCC: 20
GPR
0-3	0	0	0	0
4-7	0	0	0	0
8-11	0	0	0	0
12-15	0	0	0	0
16-19	0	0	0	0
20-23	0	0	0	0
24-27	0	0	0	0
28-31	0	0	0	0
FPR
0-3	0.000000	0.000000	0.000000	0.000000
4-7	0.000000	0.000000	0.000000	0.000000
8-11	0.000000	0.000000	0.000000	0.000000
12-15	0.000000	0.000000	0.000000	0.000000
16-19	0.000000	0.000000	0.000000	0.000000
20-23	0.000000	0.000000	0.000000	0.000000
24-27	0.000000	0.000000	0.000000	0.000000
28-31	0.000000	0.000000	0.000000	0.000000


op_andi
PC: 15	OP_CODE:30303030	FPCC: 20
GPR
0-3	0	0	0	0
4-7	0	0	0	0
8-11	0	0	0	0
12-15	0	0	0	0
16-19	0	0	0	0
20-23	0	0	0	0
24-27	0	0	0	0
28-31	0	0	0	0
FPR
0-3	0.000000	0.000000	0.000000	0.000000
4-7	0.000000	0.000000	0.000000	0.000000
8-11	0.000000	0.000000	0.000000	0.000000
12-15	0.000000	0.000000	0.000000	0.000000
16-19	0.000000	0.000000	0.000000	0.000000
20-23	0.000000	0.000000	0.000000	0.000000
24-27	0.000000	0.000000	0.000000	0.000000
28-31	0.000000	0.000000	0.000000	0.000000


op_andi
PC: 16	OP_CODE:30303130	FPCC: 20
GPR
0-3	0	0	0	0
4-7	0	0	0	0
8-11	0	0	0	0
12-15	0	0	0	0
16-19	0	0	0	0
20-23	0	0	0	0
24-27	0	0	0	0
28-31	0	0	0	0
FPR
0-3	0.000000	0.000000	0.000000	0.000000
4-7	0.000000	0.000000	0.000000	0.000000
8-11	0.000000	0.000000	0.000000	0.000000
12-15	0.000000	0.000000	0.000000	0.000000
16-19	0.000000	0.000000	0.000000	0.000000
20-23	0.000000	0.000000	0.000000	0.000000
24-27	0.000000	0.000000	0.000000	0.000000
28-31	0.000000	0.000000	0.000000	0.000000


op_andi
PC: 17	OP_CODE:30313030	FPCC: 20
GPR
0-3	0	0	0	0
4-7	0	0	0	0
8-11	0	0	0	0
12-15	0	0	0	0
16-19	0	0	0	0
20-23	0	0	0	0
24-27	0	0	0	0
28-31	0	0	0	0
FPR
0-3	0.000000	0.000000	0.000000	0.000000
4-7	0.000000	0.000000	0.000000	0.000000
8-11	0.000000	0.000000	0.000000	0.000000
12-15	0.000000	0.000000	0.000000	0.000000
16-19	0.000000	0.000000	0.000000	0.000000
20-23	0.000000	0.000000	0.000000	0.000000
24-27	0.000000	0.000000	0.000000	0.000000
28-31	0.000000	0.000000	0.000000	0.000000


op_andi
PC: 18	OP_CODE:31313030	FPCC: 20
GPR
0-3	0	0	0	0
4-7	0	0	0	0
8-11	0	0	0	0
12-15	0	0	0	0
16-19	0	0	0	0
20-23	0	0	0	0
24-27	0	0	0	0
28-31	0	0	0	0
FPR
0-3	0.000000	0.000000	0.000000	0.000000
4-7	0.000000	0.000000	0.000000	0.000000
8-11	0.000000	0.000000	0.000000	0.000000
12-15	0.000000	0.000000	0.000000	0.000000
16-19	0.000000	0.000000	0.000000	0.000000
20-23	0.000000	0.000000	0.000000	0.000000
24-27	0.000000	0.000000	0.000000	0.000000
28-31	0.000000	0.000000	0.000000	0.000000


op_andi
PC: 19	OP_CODE:31303131	FPCC: 20
GPR
0-3	0	0	0	0
4-7	0	0	0	0
8-11	0	0	0	0
12-15	0	0	0	0
16-19	0	0	0	0
20-23	0	0	0	0
24-27	0	0	0	0
28-31	0	0	0	0
FPR
0-3	0.000000	0.000000	0.000000	0.000000
4-7	0.000000	0.000000	0.000000	0.000000
8-11	0.000000	0.000000	0.000000	0.000000
12-15	0.000000	0.000000	0.000000	0.000000
16-19	0.000000	0.000000	0.000000	0.000000
20-23	0.000000	0.000000	0.000000	0.000000
24-27	0.000000	0.000000	0.000000	0.000000
28-31	0.000000	0.000000	0.000000	0.000000


op_andi
PC: 20	OP_CODE:30313131	FPCC: 20
GPR
0-3	0	0	0	0
4-7	0	0	0	0
8-11	0	0	0	0
12-15	0	0	0	0
16-19	0	0	0	0
20-23	0	0	0	0
24-27	0	0	0	0
28-31	0	0	0	0
FPR
0-3	0.000000	0.000000	0.000000	0.000000
4-7	0.000000	0.000000	0.000000	0.000000
8-11	0.000000	0.000000	0.000000	0.000000
12-15	0.000000	0.000000	0.000000	0.000000
16-19	0.000000	0.000000	0.000000	0.000000
20-23	0.000000	0.000000	0.000000	0.000000
24-27	0.000000	0.000000	0.000000	0.000000
28-31	0.000000	0.000000	0.000000	0.000000


op_andi
PC: 21	OP_CODE:30303030	FPCC: 20
GPR
0-3	0	0	0	0
4-7	0	0	0	0
8-11	0	0	0	0
12-15	0	0	0	0
16-19	0	0	0	0
20-23	0	0	0	0
24-27	0	0	0	0
28-31	0	0	0	0
FPR
0-3	0.000000	0.000000	0.000000	0.000000
4-7	0.000000	0.000000	0.000000	0.000000
8-11	0.000000	0.000000	0.000000	0.000000
12-15	0.000000	0.000000	0.000000	0.000000
16-19	0.000000	0.000000	0.000000	0.000000
20-23	0.000000	0.000000	0.000000	0.000000
24-27	0.000000	0.000000	0.000000	0.000000
28-31	0.000000	0.000000	0.000000	0.000000


op_andi
PC: 22	OP_CODE:30303030	FPCC: 20
GPR
0-3	0	0	0	0
4-7	0	0	0	0
8-11	0	0	0	0
12-15	0	0	0	0
16-19	0	0	0	0
20-23	0	0	0	0
24-27	0	0	0	0
28-31	0	0	0	0
FPR
0-3	0.000000	0.000000	0.000000	0.000000
4-7	0.000000	0.000000	0.000000	0.000000
8-11	0.000000	0.000000	0.000000	0.000000
12-15	0.000000	0.000000	0.000000	0.000000
16-19	0.000000	0.000000	0.000000	0.000000
20-23	0.000000	0.000000	0.000000	0.000000
24-27	0.000000	0.000000	0.000000	0.000000
28-31	0.000000	0.000000	0.000000	0.000000


op_andi
PC: 23	OP_CODE:30303030	FPCC: 20
GPR
0-3	0	0	0	0
4-7	0	0	0	0
8-11	0	0	0	0
12-15	0	0	0	0
16-19	0	0	0	0
20-23	0	0	0	0
24-27	0	0	0	0
28-31	0	0	0	0
FPR
0-3	0.000000	0.000000	0.000000	0.000000
4-7	0.000000	0.000000	0.000000	0.000000
8-11	0.000000	0.000000	0.000000	0.000000
12-15	0.000000	0.000000	0.000000	0.000000
16-19	0.000000	0.000000	0.000000	0.000000
20-23	0.000000	0.000000	0.000000	0.000000
24-27	0.000000	0.000000	0.000000	0.000000
28-31	0.000000	0.000000	0.000000	0.000000


op_andi
PC: 24	OP_CODE:30303031	FPCC: 20
GPR
0-3	0	0	0	0
4-7	0	0	0	0
8-11	0	0	0	0
12-15	0	0	0	0
16-19	0	0	0	0
20-23	0	0	0	0
24-27	0	0	0	0
28-31	0	0	0	0
FPR
0-3	0.000000	0.000000	0.000000	0.000000
4-7	0.000000	0.000000	0.000000	0.000000
8-11	0.000000	0.000000	0.000000	0.000000
12-15	0.000000	0.000000	0.000000	0.000000
16-19	0.000000	0.000000	0.000000	0.000000
20-23	0.000000	0.000000	0.000000	0.000000
24-27	0.000000	0.000000	0.000000	0.000000
28-31	0.000000	0.000000	0.000000	0.000000


op_andi
PC: 25	OP_CODE:30303030	FPCC: 20
GPR
0-3	0	0	0	0
4-7	0	0	0	0
8-11	0	0	0	0
12-15	0	0	0	0
16-19	0	0	0	0
20-23	0	0	0	0
24-27	0	0	0	0
28-31	0	0	0	0
FPR
0-3	0.000000	0.000000	0.000000	0.000000
4-7	0.000000	0.000000	0.000000	0.000000
8-11	0.000000	0.000000	0.000000	0.000000
12-15	0.000000	0.000000	0.000000	0.000000
16-19	0.000000	0.000000	0.000000	0.000000
20-23	0.000000	0.000000	0.000000	0.000000
24-27	0.000000	0.000000	0.000000	0.000000
28-31	0.000000	0.000000	0.000000	0.000000


op_andi
PC: 26	OP_CODE:30303131	FPCC: 20
GPR
0-3	0	0	0	0
4-7	0	0	0	0
8-11	0	0	0	0
12-15	0	0	0	0
16-19	0	0	0	0
20-23	0	0	0	0
24-27	0	0	0	0
28-31	0	0	0	0
FPR
0-3	0.000000	0.000000	0.000000	0.000000
4-7	0.000000	0.000000	0.000000	0.000000
8-11	0.000000	0.000000	0.000000	0.000000
12-15	0.000000	0.000000	0.000000	0.000000
16-19	0.000000	0.000000	0.000000	0.000000
20-23	0.000000	0.000000	0.000000	0.000000
24-27	0.000000	0.000000	0.000000	0.000000
28-31	0.000000	0.000000	0.000000	0.000000


op_andi
PC: 27	OP_CODE:30303030	FPCC: 20
GPR
0-3	0	0	0	0
4-7	0	0	0	0
8-11	0	0	0	0
12-15	0	0	0	0
16-19	0	0	0	0
20-23	0	0	0	0
24-27	0	0	0	0
28-31	0	0	0	0
FPR
0-3	0.000000	0.000000	0.000000	0.000000
4-7	0.000000	0.000000	0.000000	0.000000
8-11	0.000000	0.000000	0.000000	0.000000
12-15	0.000000	0.000000	0.000000	0.000000
16-19	0.000000	0.000000	0.000000	0.000000
20-23	0.000000	0.000000	0.000000	0.000000
24-27	0.000000	0.000000	0.000000	0.000000
28-31	0.000000	0.000000	0.000000	0.000000


op_andi
PC: 28	OP_CODE:30303030	FPCC: 20
GPR
0-3	0	0	0	0
4-7	0	0	0	0
8-11	0	0	0	0
12-15	0	0	0	0
16-19	0	0	0	0
20-23	0	0	0	0
24-27	0	0	0	0
28-31	0	0	0	0
FPR
0-3	0.000000	0.000000	0.000000	0.000000
4-7	0.000000	0.000000	0.000000	0.000000
8-11	0.000000	0.000000	0.000000	0.000000
12-15	0.000000	0.000000	0.000000	0.000000
16-19	0.000000	0.000000	0.000000	0.000000
20-23	0.000000	0.000000	0.000000	0.000000
24-27	0.000000	0.000000	0.000000	0.000000
28-31	0.000000	0.000000	0.000000	0.000000


op_andi
PC: 29	OP_CODE:30303030	FPCC: 20
GPR
0-3	0	0	0	0
4-7	0	0	0	0
8-11	0	0	0	0
12-15	0	0	0	0
16-19	0	0	0	0
20-23	0	0	0	0
24-27	0	0	0	0
28-31	0	0	0	0
FPR
0-3	0.000000	0.000000	0.000000	0.000000
4-7	0.000000	0.000000	0.000000	0.000000
8-11	0.000000	0.000000	0.000000	0.000000
12-15	0.000000	0.000000	0.000000	0.000000
16-19	0.000000	0.000000	0.000000	0.000000
20-23	0.000000	0.000000	0.000000	0.000000
24-27	0.000000	0.000000	0.000000	0.000000
28-31	0.000000	0.000000	0.000000	0.000000


op_andi
PC: 30	OP_CODE:30303030	FPCC: 20
GPR
0-3	0	0	0	0
4-7	0	0	0	0
8-11	0	0	0	0
12-15	0	0	0	0
16-19	0	0	0	0
20-23	0	0	0	0
24-27	0	0	0	0
28-31	0	0	0	0
FPR
0-3	0.000000	0.000000	0.000000	0.000000
4-7	0.000000	0.000000	0.000000	0.000000
8-11	0.000000	0.000000	0.000000	0.000000
12-15	0.000000	0.000000	0.000000	0.000000
16-19	0.000000	0.000000	0.000000	0.000000
20-23	0.000000	0.000000	0.000000	0.000000
24-27	0.000000	0.000000	0.000000	0.000000
28-31	0.000000	0.000000	0.000000	0.000000


op_andi
PC: 31	OP_CODE:31303030	FPCC: 20
GPR
0-3	0	0	0	0
4-7	0	0	0	0
8-11	0	0	0	0
12-15	0	0	0	0
16-19	0	0	0	0
20-23	0	0	0	0
24-27	0	0	0	0
28-31	0	0	0	0
FPR
0-3	0.000000	0.000000	0.000000	0.000000
4-7	0.000000	0.000000	0.000000	0.000000
8-11	0.000000	0.000000	0.000000	0.000000
12-15	0.000000	0.000000	0.000000	0.000000
16-19	0.000000	0.000000	0.000000	0.000000
20-23	0.000000	0.000000	0.000000	0.000000
24-27	0.000000	0.000000	0.000000	0.000000
28-31	0.000000	0.000000	0.000000	0.000000


op_andi
PC: 32	OP_CODE:30313030	FPCC: 20
GPR
0-3	0	0	0	0
4-7	0	0	0	0
8-11	0	0	0	0
12-15	0	0	0	0
16-19	0	0	0	0
20-23	0	0	0	0
24-27	0	0	0	0
28-31	0	0	0	0
FPR
0-3	0.000000	0.000000	0.000000	0.000000
4-7	0.000000	0.000000	0.000000	0.000000
8-11	0.000000	0.000000	0.000000	0.000000
12-15	0.000000	0.000000	0.000000	0.000000
16-19	0.000000	0.000000	0.000000	0.000000
20-23	0.000000	0.000000	0.000000	0.000000
24-27	0.000000	0.000000	0.000000	0.000000
28-31	0.000000	0.000000	0.000000	0.000000


op_andi
PC: 33	OP_CODE:30313030	FPCC: 20
GPR
0-3	0	0	0	0
4-7	0	0	0	0
8-11	0	0	0	0
12-15	0	0	0	0
16-19	0	0	0	0
20-23	0	0	0	0
24-27	0	0	0	0
28-31	0	0	0	0
FPR
0-3	0.000000	0.000000	0.000000	0.000000
4-7	0.000000	0.000000	0.000000	0.000000
8-11	0.000000	0.000000	0.000000	0.000000
12-15	0.000000	0.000000	0.000000	0.000000
16-19	0.000000	0.000000	0.000000	0.000000
20-23	0.000000	0.000000	0.000000	0.000000
24-27	0.000000	0.000000	0.000000	0.000000
28-31	0.000000	0.000000	0.000000	0.000000


op_andi
PC: 34	OP_CODE:31313030	FPCC: 20
GPR
0-3	0	0	0	0
4-7	0	0	0	0
8-11	0	0	0	0
12-15	0	0	0	0
16-19	0	0	0	0
20-23	0	0	0	0
24-27	0	0	0	0
28-31	0	0	0	0
FPR
0-3	0.000000	0.000000	0.000000	0.000000
4-7	0.000000	0.000000	0.000000	0.000000
8-11	0.000000	0.000000	0.000000	0.000000
12-15	0.000000	0.000000	0.000000	0.000000
16-19	0.000000	0.000000	0.000000	0.000000
20-23	0.000000	0.000000	0.000000	0.000000
24-27	0.000000	0.000000	0.000000	0.000000
28-31	0.000000	0.000000	0.000000	0.000000


op_andi
PC: 35	OP_CODE:31303131	FPCC: 20
GPR
0-3	0	0	0	0
4-7	0	0	0	0
8-11	0	0	0	0
12-15	0	0	0	0
16-19	0	0	0	0
20-23	0	0	0	0
24-27	0	0	0	0
28-31	0	0	0	0
FPR
0-3	0.000000	0.000000	0.000000	0.000000
4-7	0.000000	0.000000	0.000000	0.000000
8-11	0.000000	0.000000	0.000000	0.000000
12-15	0.000000	0.000000	0.000000	0.000000
16-19	0.000000	0.000000	0.000000	0.000000
20-23	0.000000	0.000000	0.000000	0.000000
24-27	0.000000	0.000000	0.000000	0.000000
28-31	0.000000	0.000000	0.000000	0.000000


op_andi
PC: 36	OP_CODE:30313131	FPCC: 20
GPR
0-3	0	0	0	0
4-7	0	0	0	0
8-11	0	0	0	0
12-15	0	0	0	0
16-19	0	0	0	0
20-23	0	0	0	0
24-27	0	0	0	0
28-31	0	0	0	0
FPR
0-3	0.000000	0.000000	0.000000	0.000000
4-7	0.000000	0.000000	0.000000	0.000000
8-11	0.000000	0.000000	0.000000	0.000000
12-15	0.000000	0.000000	0.000000	0.000000
16-19	0.000000	0.000000	0.000000	0.000000
20-23	0.000000	0.000000	0.000000	0.000000
24-27	0.000000	0.000000	0.000000	0.000000
28-31	0.000000	0.000000	0.000000	0.000000


op_andi
PC: 37	OP_CODE:31313131	FPCC: 20
GPR
0-3	0	0	0	0
4-7	0	0	0	0
8-11	0	0	0	0
12-15	0	0	0	0
16-19	0	0	0	0
20-23	0	0	0	0
24-27	0	0	0	0
28-31	0	0	0	0
FPR
0-3	0.000000	0.000000	0.000000	0.000000
4-7	0.000000	0.000000	0.000000	0.000000
8-11	0.000000	0.000000	0.000000	0.000000
12-15	0.000000	0.000000	0.000000	0.000000
16-19	0.000000	0.000000	0.000000	0.000000
20-23	0.000000	0.000000	0.000000	0.000000
24-27	0.000000	0.000000	0.000000	0.000000
28-31	0.000000	0.000000	0.000000	0.000000


op_andi
PC: 38	OP_CODE:31313131	FPCC: 20
GPR
0-3	0	0	0	0
4-7	0	0	0	0
8-11	0	0	0	0
12-15	0	0	0	0
16-19	0	0	0	0
20-23	0	0	0	0
24-27	0	0	0	0
28-31	0	0	0	0
FPR
0-3	0.000000	0.000000	0.000000	0.000000
4-7	0.000000	0.000000	0.000000	0.000000
8-11	0.000000	0.000000	0.000000	0.000000
12-15	0.000000	0.000000	0.000000	0.000000
16-19	0.000000	0.000000	0.000000	0.000000
20-23	0.000000	0.000000	0.000000	0.000000
24-27	0.000000	0.000000	0.000000	0.000000
28-31	0.000000	0.000000	0.000000	0.000000


op_andi
PC: 39	OP_CODE:31313131	FPCC: 20
GPR
0-3	0	0	0	0
4-7	0	0	0	0
8-11	0	0	0	0
12-15	0	0	0	0
16-19	0	0	0	0
20-23	0	0	0	0
24-27	0	0	0	0
28-31	0	0	0	0
FPR
0-3	0.000000	0.000000	0.000000	0.000000
4-7	0.000000	0.000000	0.000000	0.000000
8-11	0.000000	0.000000	0.000000	0.000000
12-15	0.000000	0.000000	0.000000	0.000000
16-19	0.000000	0.000000	0.000000	0.000000
20-23	0.000000	0.000000	0.000000	0.000000
24-27	0.000000	0.000000	0.000000	0.000000
28-31	0.000000	0.000000	0.000000	0.000000


op_andi
PC: 40	OP_CODE:30303031	FPCC: 20
GPR
0-3	0	0	0	0
4-7	0	0	0	0
8-11	0	0	0	0
12-15	0	0	0	0
16-19	0	0	0	0
20-23	0	0	0	0
24-27	0	0	0	0
28-31	0	0	0	0
FPR
0-3	0.000000	0.000000	0.000000	0.000000
4-7	0.000000	0.000000	0.000000	0.000000
8-11	0.000000	0.000000	0.000000	0.000000
12-15	0.000000	0.000000	0.000000	0.000000
16-19	0.000000	0.000000	0.000000	0.000000
20-23	0.000000	0.000000	0.000000	0.000000
24-27	0.000000	0.000000	0.000000	0.000000
28-31	0.000000	0.000000	0.000000	0.000000


op_andi
PC: 41	OP_CODE:30303031	FPCC: 20
GPR
0-3	0	0	0	0
4-7	0	0	0	0
8-11	0	0	0	0
12-15	0	0	0	0
16-19	0	0	0	0
20-23	0	0	0	0
24-27	0	0	0	0
28-31	0	0	0	0
FPR
0-3	0.000000	0.000000	0.000000	0.000000
4-7	0.000000	0.000000	0.000000	0.000000
8-11	0.000000	0.000000	0.000000	0.000000
12-15	0.000000	0.000000	0.000000	0.000000
16-19	0.000000	0.000000	0.000000	0.000000
20-23	0.000000	0.000000	0.000000	0.000000
24-27	0.000000	0.000000	0.000000	0.000000
28-31	0.000000	0.000000	0.000000	0.000000


op_andi
PC: 42	OP_CODE:31313131	FPCC: 20
GPR
0-3	0	0	0	0
4-7	0	0	0	0
8-11	0	0	0	0
12-15	0	0	0	0
16-19	0	0	0	0
20-23	0	0	0	0
24-27	0	0	0	0
28-31	0	0	0	0
FPR
0-3	0.000000	0.000000	0.000000	0.000000
4-7	0.000000	0.000000	0.000000	0.000000
8-11	0.000000	0.000000	0.000000	0.000000
12-15	0.000000	0.000000	0.000000	0.000000
16-19	0.000000	0.000000	0.000000	0.000000
20-23	0.000000	0.000000	0.000000	0.000000
24-27	0.000000	0.000000	0.000000	0.000000
28-31	0.000000	0.000000	0.000000	0.000000


op_andi
PC: 43	OP_CODE:31303131	FPCC: 20
GPR
0-3	0	0	0	0
4-7	0	0	0	0
8-11	0	0	0	0
12-15	0	0	0	0
16-19	0	0	0	0
20-23	0	0	0	0
24-27	0	0	0	0
28-31	0	0	0	0
FPR
0-3	0.000000	0.000000	0.000000	0.000000
4-7	0.000000	0.000000	0.000000	0.000000
8-11	0.000000	0.000000	0.000000	0.000000
12-15	0.000000	0.000000	0.000000	0.000000
16-19	0.000000	0.000000	0.000000	0.000000
20-23	0.000000	0.000000	0.000000	0.000000
24-27	0.000000	0.000000	0.000000	0.000000
28-31	0.000000	0.000000	0.000000	0.000000


op_andi
PC: 44	OP_CODE:31313131	FPCC: 20
GPR
0-3	0	0	0	0
4-7	0	0	0	0
8-11	0	0	0	0
12-15	0	0	0	0
16-19	0	0	0	0
20-23	0	0	0	0
24-27	0	0	0	0
28-31	0	0	0	0
FPR
0-3	0.000000	0.000000	0.000000	0.000000
4-7	0.000000	0.000000	0.000000	0.000000
8-11	0.000000	0.000000	0.000000	0.000000
12-15	0.000000	0.000000	0.000000	0.000000
16-19	0.000000	0.000000	0.000000	0.000000
20-23	0.000000	0.000000	0.000000	0.000000
24-27	0.000000	0.000000	0.000000	0.000000
28-31	0.000000	0.000000	0.000000	0.000000


op_andi
PC: 45	OP_CODE:30303030	FPCC: 20
GPR
0-3	0	0	0	0
4-7	0	0	0	0
8-11	0	0	0	0
12-15	0	0	0	0
16-19	0	0	0	0
20-23	0	0	0	0
24-27	0	0	0	0
28-31	0	0	0	0
FPR
0-3	0.000000	0.000000	0.000000	0.000000
4-7	0.000000	0.000000	0.000000	0.000000
8-11	0.000000	0.000000	0.000000	0.000000
12-15	0.000000	0.000000	0.000000	0.000000
16-19	0.000000	0.000000	0.000000	0.000000
20-23	0.000000	0.000000	0.000000	0.000000
24-27	0.000000	0.000000	0.000000	0.000000
28-31	0.000000	0.000000	0.000000	0.000000


op_andi
PC: 46	OP_CODE:30303030	FPCC: 20
GPR
0-3	0	0	0	0
4-7	0	0	0	0
8-11	0	0	0	0
12-15	0	0	0	0
16-19	0	0	0	0
20-23	0	0	0	0
24-27	0	0	0	0
28-31	0	0	0	0
FPR
0-3	0.000000	0.000000	0.000000	0.000000
4-7	0.000000	0.000000	0.000000	0.000000
8-11	0.000000	0.000000	0.000000	0.000000
12-15	0.000000	0.000000	0.000000	0.000000
16-19	0.000000	0.000000	0.000000	0.000000
20-23	0.000000	0.000000	0.000000	0.000000
24-27	0.000000	0.000000	0.000000	0.000000
28-31	0.000000	0.000000	0.000000	0.000000


op_andi
PC: 47	OP_CODE:30303030	FPCC: 20
GPR
0-3	0	0	0	0
4-7	0	0	0	0
8-11	0	0	0	0
12-15	0	0	0	0
16-19	0	0	0	0
20-23	0	0	0	0
24-27	0	0	0	0
28-31	0	0	0	0
FPR
0-3	0.000000	0.000000	0.000000	0.000000
4-7	0.000000	0.000000	0.000000	0.000000
8-11	0.000000	0.000000	0.000000	0.000000
12-15	0.000000	0.000000	0.000000	0.000000
16-19	0.000000	0.000000	0.000000	0.000000
20-23	0.000000	0.000000	0.000000	0.000000
24-27	0.000000	0.000000	0.000000	0.000000
28-31	0.000000	0.000000	0.000000	0.000000


op_andi
PC: 48	OP_CODE:30303130	FPCC: 20
GPR
0-3	0	0	0	0
4-7	0	0	0	0
8-11	0	0	0	0
12-15	0	0	0	0
16-19	0	0	0	0
20-23	0	0	0	0
24-27	0	0	0	0
28-31	0	0	0	0
FPR
0-3	0.000000	0.000000	0.000000	0.000000
4-7	0.000000	0.000000	0.000000	0.000000
8-11	0.000000	0.000000	0.000000	0.000000
12-15	0.000000	0.000000	0.000000	0.000000
16-19	0.000000	0.000000	0.000000	0.000000
20-23	0.000000	0.000000	0.000000	0.000000
24-27	0.000000	0.000000	0.000000	0.000000
28-31	0.000000	0.000000	0.000000	0.000000


